 times dts error_norms trace_values
 0 1e-05 0 0
 0.11637994 0.016632801 5.0818558e-05 0.21757376
 0.2050522 0.018542893 8.8460217e-05 0.35976463
 0.30652162 0.021795075 0.00012384942 0.49348022
 0.40855313 0.028811315 0.00014586917 0.59429926
 0.52095879 0.03302387 0.00012677511 0.66525956
 0.60695476 0.024947845 8.409719e-05 0.69164482
 0.71351555 0.020210052 3.6585875e-05 0.69268453
 0.80955832 0.018660747 7.8586727e-06 0.66635332
 0.90016445 0.017828087 5.1077912e-05 0.62090501
 1.0051586 0.017321019 0.00010202957 0.54757145
 1.1083642 0.017155223 0.00015229128 0.45894646
 1.2115229 0.017255025 0.00020199182 0.35940447
 1.3161648 0.017609358 0.00025115774 0.25271744
 1.405671 0.018125822 0.00029168359 0.16086844
 1.517613 0.019100317 0.00033964987 0.050049321
 1.616693 0.020364142 0.00037884586 -0.040466358
 1.7017644 0.021886114 0.0004094028 -0.11017257
 1.820082 0.025144785 0.00044569335 -0.19202195
 1.9025908 0.028956045 0.00046513252 -0.2374389
 2.0063893 0.038796291 0.00047790052 -0.2800864
 2.1334462 0.035554206 0.00045422146 -0.31009153
 2.2005814 0.031519043 0.00042991027 -0.31635754
 2.3102565 0.025826667 0.00039013436 -0.31329837
 2.4086703 0.024006593 0.00035431897 -0.29788688
 2.5019856 0.022999399 0.00031957015 -0.27381964
 2.6149804 0.022408031 0.00027709532 -0.234792
 2.704223 0.022285767 0.00024366248 -0.19827159
 2.8161051 0.0224875 0.00020244619 -0.14802759
 2.9070776 0.022929257 0.00016992395 -0.10548629
 3.0005201 0.023659694 0.00013784596 -0.061969137
 3.1229205 0.025126218 9.8539795e-05 -0.0077355717
 3.2008594 0.026454972 7.5547087e-05 0.023940794
 3.3130292 0.029174604 4.6022636e-05 0.064192865
 3.4071054 0.032661943 2.5448654e-05 0.092211564
 3.5178857 0.039751773 8.350372e-06 0.11773033
 3.6160687 0.053645472 4.9334285e-06 0.13328565
 3.7212019 0.046805516 2.4664261e-05 0.14261147
 3.8084273 0.039982056 5.1876917e-05 0.14482379
 3.912739 0.033016929 8.2870992e-05 0.14139618
 4.0071882 0.030929419 0.00010986887 0.13322872
 4.1271065 0.02952959 0.0001446946 0.11710975
 4.2146635 0.029060204 0.00017013626 0.1021611
 4.3015629 0.02895546 0.00019514258 0.085426606
 4.4180602 0.029292029 0.00022789304 0.061197745
 4.5070899 0.029905356 0.00025201231 0.042174066
 4.6299776 0.031307203 0.00028348976 0.016488989
 4.7270816 0.03297139 0.00030643375 -0.0024579184
 4.8307968 0.035495599 0.00032852623 -0.020629446
 4.905433 0.037999722 0.00034250567 -0.032064677
 5.0313165 0.044472583 0.00036123497 -0.047758809
 5.1336475 0.054076358 0.00036978659 -0.056932001
 5.2702445 0.071450638 0.00036108695 -0.064050707
 5.3275507 0.057306171 0.00034993971 -0.065334584
 5.434397 0.04902169 0.0003229794 -0.065206397
 5.5221988 0.042288656 0.00030178655 -0.0628451
 5.6029161 0.039839479 0.00028348852 -0.05910071
 5.7192189 0.038337758 0.00025728464 -0.051506874
 5.8327007 0.037660837 0.00023185923 -0.042202909
 5.9079386 0.037630871 0.00021530464 -0.035338956
 6.0217125 0.038144264 0.00019099859 -0.02440588
 6.1383887 0.039349404 0.00016733931 -0.013099481
 6.2189442 0.040623572 0.00015198584 -0.0055657041
 6.3027948 0.042409064 0.00013705963 0.0018148962
 6.4379002 0.046609967 0.00011584073 0.012295562
 6.5379032 0.051321005 0.00010303187 0.018657628
 6.6525287 0.059799288 9.2600399e-05 0.024282926
 6.7202484 0.06771968 8.9539639e-05 0.026727588
 6.8042389 0.083990479 9.1200561e-05 0.028846974
 6.9464042 0.067853137 0.00010827142 0.030204374
 7.0144776 0.068073358 0.00012099113 0.029925215
 7.1307782 0.056096359 0.00014381719 0.028211246
 7.2344292 0.050997063 0.00016274543 0.025556207
 7.3337774 0.049406975 0.00018013295 0.022224895
 7.4317312 0.048891491 0.00019697336 0.018390315
 7.5295473 0.048963439 0.00021337171 0.014216392
 7.6284221 0.049649067 0.00022930982 0.0098447404
 7.7296783 0.051015442 0.00024476216 0.0054035952
 7.8348879 0.053214409 0.00025964733 0.0010190838
 7.9462153 0.056602826 0.00027377591 -0.0031773025
 8.0051837 0.058968455 0.00028044145 -0.0051601327
 8.1332878 0.066088075 0.00029246629 -0.0087891468
 8.2051519 0.071864143 0.00029734963 -0.010381156
 8.3851102 0.098988493 0.00029985525 -0.012896009
 8.4859481 0.10083789 0.00029157963 -0.013402186
 8.5707584 0.084810294 0.00028093063 -0.013358004
 8.6560117 0.085253347 0.00026760019 -0.012918933
 8.7300396 0.07402788 0.00025577885 -0.012250192
 8.8650362 0.065520016 0.00023578971 -0.010458802
 8.9291278 0.064091643 0.00022699995 -0.0094036237
 9.0556882 0.063246442 0.00021035311 -0.0070600783
 9.1191228 0.063434617 0.00020229186 -0.0058049458
 9.2477629 0.064708628 0.00018666773 -0.0032158746
 9.3136032 0.065840314 0.00017914342 -0.0019151059
 9.4504216 0.069435138 0.00016480395 0.00061946311
 9.5225581 0.072136474 0.00015808276 0.0018203909
 9.6789176 0.080633155 0.00014604517 0.0039962922
 9.7666374 0.08771984 0.00014121723 0.0049242026
 9.8657187 0.099081258 0.00013805005 0.0057005225
 9.9878236 0.12210491 0.00013921406 0.0062589572
 10.107705 0.11988114 0.00014728007 0.0063983551
 10.211306 0.10360126 0.00015764322 0.0062200066
 10.315246 0.10394039 0.00017034061 0.0057990946
 10.406857 0.091610194 0.00018163316 0.0052594376
 10.576333 0.082757336 0.00020063856 0.0039567201
 10.658199 0.081866385 0.00020893079 0.0032377562
 10.740153 0.08195385 0.00021680355 0.0024920896
 10.823268 0.083114761 0.00022439035 0.0017325871
 10.908165 0.084897176 0.00023169279 0.00097590057
 11.086734 0.091078424 0.00024522884 -0.00046430258
 11.182872 0.096137765 0.00025123452 -0.0011134363
 11.286372 0.10349953 0.00025643025 -0.0016891548
 11.401425 0.11505346 0.00026026309 -0.0021653696
 11.53789 0.13646539 0.00026110104 -0.0025000862
 11.742913 0.20502287 0.00024697524 -0.0025636272
 11.875899 0.13298595 0.00023337367 -0.0023566685
 12.010024 0.13412506 0.00021870757 -0.0019933524
 12.121561 0.11153695 0.00020785722 -0.0016041645
 12.229932 0.10837091 0.00019861038 -0.0011784666
 12.334792 0.10485978 0.00019069918 -0.0007460491
 12.441755 0.106963 0.00018339557 -0.00030683963
 12.551761 0.11000607 0.000176607 0.0001216495
 12.667167 0.11540583 0.00017033036 0.00052587021
 12.79012 0.12295315 0.00016478967 0.00088732581
 12.924908 0.13478803 0.00016041721 0.0011862533
 13.0804 0.15549152 0.00015831759 0.0013949824
 13.287018 0.20661845 0.00016350509 0.0014550478
 13.461585 0.17456685 0.00017406139 0.0013389754
 13.640054 0.17846933 0.00018857986 0.0011037852
 13.790093 0.15003837 0.00020016123 0.00084807493
 13.932495 0.14240295 0.0002094967 0.00058489072
 14.070493 0.13799739 0.0002169413 0.00033398025
 14.213086 0.14259326 0.00022324871 9.9260877e-05
 14.364835 0.15174935 0.00022850589 -0.00010564016
 14.533358 0.1685226 0.00023236234 -0.00026493767
 14.732946 0.19958808 0.00023334096 -0.00035384052
 15.028759 0.29581237 0.00022176021 -0.00031117804
 15.237856 0.20909733 0.00020922953 -0.00018739863
 15.447813 0.20995762 0.00019657985 -2.322067e-05
 15.630032 0.18221846 0.0001877503 0.00012509412
 15.814775 0.18474346 0.00018102074 0.00025904102
 16.007086 0.19231055 0.00017624253 0.00036450469
 16.226351 0.21926554 0.00017362405 0.00043148086
 16.506262 0.27991012 0.00017608779 0.00043644299
 16.787355 0.28109316 0.00018517532 0.00037346496
 17.076358 0.28900309 0.00019810631 0.00027523816
 17.32714 0.25078213 0.00020743096 0.00019074002
 17.576287 0.24914738 0.00021342247 0.00012792058
 17.843103 0.26681543 0.00021615804 9.5511107e-05
 18.183218 0.34011494 0.00021360871 0.00010417936
 18.542541 0.35932339 0.00020444165 0.00015023086
 18.902411 0.3598699 0.00019381701 0.00020210981
 19.232926 0.330515 0.00018759577 0.00023381812
 19.590291 0.3573653 0.00018585229 0.00024135157
 20.073572 0.483281 0.00019215086 0.00022012581
