DocInfo_numbers; times; dts; error_norms; n_newton_iters; n_solver_iters; solver_times; jacobian_setup_times; preconditioner_setup_times; LTE_norms; trace_values; unix_timestamp; newton_residuals; solution_norms; total_step_time; dummy; dummy; dummy; dummy; dummy; dummy; exact
0; 0; 1e-05; 0; 0; []; []; []; []; 0; [0]; 1.4206263e+09; []; 0; 0; -1; -1; -1; -1; -1; -1; [0]
1; 0.10716516; 0.01472837; 5.3689112e-05; 1; [-1]; [1e-05]; [5e-06]; [-1]; 9.8138213e-06; [0.21037228]; 1.4206263e+09; [2.8788054, 3.1904634e-10]; 0.21037228; 8.7e-05; -1; -1; -1; -1; -1; -1; [0.21042596]
2; 0.21289326; 0.015363184; 0.00011047765; 1; [-1]; [1.1e-05]; [4e-06]; [-1]; 9.8141141e-06; [0.40422639]; 1.4206263e+09; [2.637978, 3.1756353e-10]; 0.40422639; 8.4e-05; -1; -1; -1; -1; -1; -1; [0.40433686]
3; 0.30741488; 0.016079557; 0.00015870132; 2; [-1, -1]; [1e-05, 9e-06]; [5e-06, 4e-06]; [-1, -1]; 9.7156354e-06; [0.55919826]; 1.4206263e+09; [2.325625, 1.5789529e-08, 2.4424907e-15]; 0.55919826; 0.00013; -1; -1; -1; -1; -1; -1; [0.55935696]
4; 0.40766064; 0.01723709; 0.00020601059; 1; [-1]; [9e-06]; [4e-06]; [-1]; 9.5613987e-06; [0.69866116]; 1.4206263e+09; [1.912746, 7.0175683e-09]; 0.69866116; 8.4e-05; -1; -1; -1; -1; -1; -1; [0.69886717]
5; 0.51764257; 0.019299263; 0.00025162491; 1; [-1]; [1e-05]; [5e-06]; [-1]; 9.2415486e-06; [0.81637119]; 1.4206263e+09; [1.3856583, 7.2570602e-09]; 0.81637119; 8.4e-05; -1; -1; -1; -1; -1; -1; [0.81662281]
6; 0.60093468; 0.021957113; 0.00027988644; 2; [-1, -1]; [1e-05, 9e-06]; [5e-06, 4e-06]; [-1, -1]; 8.6977107e-06; [0.87803577]; 1.4206263e+09; [0.95246659, 1.1684526e-08, 1.4432899e-15]; 0.87803577; 0.000125; -1; -1; -1; -1; -1; -1; [0.87831566]
7; 0.70333895; 0.028885664; 0.00030192425; 1; [-1]; [1e-05]; [5e-06]; [-1]; 6.310015e-06; [0.91925602]; 1.4206263e+09; [0.40603683, 3.1581423e-09]; 0.91925602; 8.3e-05; -1; -1; -1; -1; -1; -1; [0.91955795]
8; 0.81612664; 0.031752707; 0.00027911729; 1; [-1]; [1.1e-05]; [5e-06]; [-1]; 9.4113555e-06; [0.91960982]; 1.4206263e+09; [0.20548758, 1.3863035e-09]; 0.91960982; 0.000172; -1; -1; -1; -1; -1; -1; [0.91988894]
9; 0.92027912; 0.021860997; 0.00022631476; 1; [-1]; [1e-05]; [5e-06]; [-1]; 1.1283913e-05; [0.87886744]; 1.4206263e+09; [0.79194326, 1.9652002e-10]; 0.87886744; 8.1e-05; -1; -1; -1; -1; -1; -1; [0.87909376]
10; 1.000613; 0.019304422; 0.00018880836; 1; [-1]; [1e-05]; [6e-06]; [-1]; 1.0660204e-05; [0.82206489]; 1.4206263e+09; [1.2047152, 3.4316592e-09]; 0.82206489; 8e-05; -1; -1; -1; -1; -1; -1; [0.8222537]
11; 1.1091083; 0.017384383; 0.00013510635; 1; [-1]; [1.1e-05]; [5e-06]; [-1]; 1.0377461e-05; [0.7137696]; 1.4206263e+09; [1.6872361, 9.3900452e-09]; 0.7137696; 8.7e-05; -1; -1; -1; -1; -1; -1; [0.71390471]
12; 1.2095627; 0.016363674; 8.2989087e-05; 1; [-1]; [1e-05]; [4e-06]; [-1]; 1.0226375e-05; [0.58582151]; 1.4206263e+09; [2.0526275, 4.5468478e-09]; 0.58582151; 7.6e-05; -1; -1; -1; -1; -1; -1; [0.5859045]
13; 1.3055322; 0.015776678; 3.1726111e-05; 2; [-1, -1]; [1.1e-05, 1e-05]; [5e-06, 5e-06]; [-1, -1]; 1.0132504e-05; [0.44402918]; 1.4206263e+09; [2.3170669, 1.1130693e-08, 1.9984014e-15]; 0.44402918; 0.000139; -1; -1; -1; -1; -1; -1; [0.44406091]
14; 1.414398; 0.01542674; 2.7351339e-05; 1; [-1]; [1e-05]; [4e-06]; [-1]; 1.0052643e-05; [0.26716208]; 1.4206263e+09; [2.5074128, 1.5664685e-09]; 0.26716208; 8.1e-05; -1; -1; -1; -1; -1; -1; [0.26713473]
15; 1.5065703; 0.015340803; 7.749035e-05; 1; [-1]; [1e-05]; [4e-06]; [-1]; 9.9943141e-06; [0.11026107]; 1.4206263e+09; [2.5732877, 1.3635331e-09]; 0.11026107; 8.2e-05; -1; -1; -1; -1; -1; -1; [0.11018358]
16; 1.6143078; 0.015463043; 0.00013545215; 1; [-1]; [1e-05]; [4e-06]; [-1]; 9.9276659e-06; [-0.073821228]; 1.4206263e+09; [2.539064, 1.3075085e-09]; 0.073821228; 8.2e-05; -1; -1; -1; -1; -1; -1; [-0.07395668]
17; 1.7080648; 0.015771105; 0.00018465117; 1; [-1]; [1e-05]; [4e-06]; [-1]; 9.8637294e-06; [-0.22834961]; 1.4206263e+09; [2.4151147, 8.091634e-10]; 0.22834961; 7.7e-05; -1; -1; -1; -1; -1; -1; [-0.22853426]
18; 1.8044607; 0.016314665; 0.00023331655; 1; [-1]; [7e-06]; [3e-06]; [-1]; 9.7831947e-06; [-0.37589072]; 1.4206263e+09; [2.2031032, 4.6698467e-10]; 0.37589072; 5.1e-05; -1; -1; -1; -1; -1; -1; [-0.37612404]
19; 1.9052438; 0.017201569; 0.00028125616; 1; [-1]; [6e-06]; [3e-06]; [-1]; 9.666678e-06; [-0.51226332]; 1.4206263e+09; [1.9003818, 1.6063968e-09]; 0.51226332; 4.8e-05; -1; -1; -1; -1; -1; -1; [-0.51254458]
20; 2.0132688; 0.018693384; 0.00032803037; 2; [-1, -1]; [6e-06, 6e-06]; [3e-06, 3e-06]; [-1, -1]; 9.462958e-06; [-0.63243124]; 1.4206263e+09; [1.500193, 1.4305908e-08, 2.7755576e-15]; 0.63243124; 7.4e-05; -1; -1; -1; -1; -1; -1; [-0.63275927]
21; 2.1129223; 0.020946082; 0.00036526132; 1; [-1]; [1e-05]; [5e-06]; [-1]; 9.0921663e-06; [-0.7152285]; 1.4206263e+09; [1.079693, 5.3843869e-09]; 0.7152285; 8.3e-05; -1; -1; -1; -1; -1; -1; [-0.71559376]
22; 2.2050268; 0.024648549; 0.0003921279; 1; [-1]; [1e-05]; [5e-06]; [-1]; 8.2440307e-06; [-0.7653424]; 1.4206263e+09; [0.66500627, 5.2075445e-09]; 0.7653424; 7.8e-05; -1; -1; -1; -1; -1; -1; [-0.76573453]
23; 2.3326065; 0.040317008; 0.00040320818; 1; [-1]; [9e-06]; [4e-06]; [-1]; 4.8725867e-07; [-0.79066281]; 1.4206263e+09; [0.092845303, 4.4291527e-10]; 0.79066281; 7.1e-05; -1; -1; -1; -1; -1; -1; [-0.79106602]
24; 2.4274036; 0.030454827; 0.00037227872; 1; [-1]; [1e-05]; [5e-06]; [-1]; 1.4729598e-05; [-0.77616061]; 1.4206263e+09; [0.37995251, 4.7711037e-09]; 0.77616061; 9.2e-05; -1; -1; -1; -1; -1; -1; [-0.77653288]
25; 2.5018161; 0.022915897; 0.00033794256; 1; [-1]; [9e-06]; [5e-06]; [-1]; 1.1495886e-05; [-0.74553021]; 1.4206263e+09; [0.72271415, 8.4919443e-09]; 0.74553021; 7.8e-05; -1; -1; -1; -1; -1; -1; [-0.74586815]
26; 2.6049863; 0.01962901; 0.00029117455; 1; [-1]; [1e-05]; [4e-06]; [-1]; 1.0600162e-05; [-0.67692377]; 1.4206263e+09; [1.1623514, 5.2919514e-09]; 0.67692377; 7.5e-05; -1; -1; -1; -1; -1; -1; [-0.67721495]
27; 2.716107; 0.017889978; 0.00023792728; 1; [-1]; [1e-05]; [4e-06]; [-1]; 1.0333561e-05; [-0.57283945]; 1.4206263e+09; [1.5611017, 6.0052843e-09]; 0.57283945; 8.4e-05; -1; -1; -1; -1; -1; -1; [-0.57307738]
28; 2.8029764; 0.017081781; 0.00019465136; 1; [-1]; [1e-05]; [4e-06]; [-1]; 1.0213825e-05; [-0.47326772]; 1.4206263e+09; [1.8128118, 8.3790197e-10]; 0.47326772; 7.8e-05; -1; -1; -1; -1; -1; -1; [-0.47346237]
29; 2.9033048; 0.016511649; 0.00014348914; 2; [-1, -1]; [1e-05, 9e-06]; [5e-06, 5e-06]; [-1, -1]; 1.0117999e-05; [-0.34300088]; 1.4206263e+09; [2.0291696, 1.2390474e-08, 1.7763568e-15]; 0.34300088; 0.000119; -1; -1; -1; -1; -1; -1; [-0.34314437]
30; 3.0012683; 0.016229433; 9.2930867e-05; 1; [-1]; [9e-06]; [4e-06]; [-1]; 1.0045421e-05; [-0.20507217]; 1.4206263e+09; [2.1576696, 2.4449591e-09]; 0.20507217; 7.3e-05; -1; -1; -1; -1; -1; -1; [-0.2051651]
31; 3.1145155; 0.016179884; 3.4570984e-05; 1; [-1]; [8e-06]; [5e-06]; [-1]; 9.9710205e-06; [-0.039607714]; 1.4206263e+09; [2.2005786, 6.9610806e-10]; 0.039607714; 6.9e-05; -1; -1; -1; -1; -1; -1; [-0.039642285]
32; 3.2121257; 0.016360957; 1.4942375e-05; 1; [-1]; [1e-05]; [5e-06]; [-1]; 9.9063391e-06; [0.10195696]; 1.4206263e+09; [2.1472743, 3.6269721e-10]; 0.10195696; 8.3e-05; -1; -1; -1; -1; -1; -1; [0.1019719]
33; 3.3116096; 0.016773233; 6.3940282e-05; 1; [-1]; [1.1e-05]; [5e-06]; [-1]; 9.8311974e-06; [0.23943262]; 1.4206263e+09; [2.0110831, 3.4831948e-09]; 0.23943262; 8.5e-05; -1; -1; -1; -1; -1; -1; [0.23949656]
34; 3.4145849; 0.017491696; 0.00011229252; 1; [-1]; [1.1e-05]; [4e-06]; [-1]; 9.7312995e-06; [0.36894275]; 1.4206263e+09; [1.790843, 3.3102672e-09]; 0.36894275; 7.9e-05; -1; -1; -1; -1; -1; -1; [0.36905504]
35; 3.5047443; 0.018447601; 0.00015188711; 1; [-1]; [1e-05]; [4e-06]; [-1]; 9.6066627e-06; [0.46761681]; 1.4206263e+09; [1.540584, 8.1270799e-09]; 0.46761681; 8.3e-05; -1; -1; -1; -1; -1; -1; [0.46776869]
36; 3.6012715; 0.019982497; 0.00019044587; 1; [-1]; [1e-05]; [5e-06]; [-1]; 9.3923178e-06; [0.55453982]; 1.4206263e+09; [1.2244145, 1.3961787e-09]; 0.55453982; 7.9e-05; -1; -1; -1; -1; -1; -1; [0.55473026]
37; 3.7088763; 0.022818285; 0.00022691351; 1; [-1]; [9e-06]; [5e-06]; [-1]; 8.9006147e-06; [0.62526568]; 1.4206263e+09; [0.8295883, 6.691271e-09]; 0.62526568; 7.4e-05; -1; -1; -1; -1; -1; -1; [0.62549259]
38; 3.8119261; 0.028217391; 0.00025167097; 1; [-1]; [9e-06]; [5e-06]; [-1]; 7.4699949e-06; [0.6647874]; 1.4206263e+09; [0.42979923, 4.5106228e-09]; 0.6647874; 7.7e-05; -1; -1; -1; -1; -1; -1; [0.66503907]
39; 3.9291611; 0.049999128; 0.00024766528; 1; [-1]; [1e-05]; [4e-06]; [-1]; 9.2351037e-06; [0.67483135]; 1.4206263e+09; [0.0088067984, 1.0399764e-11]; 0.67483135; 7.2e-05; -1; -1; -1; -1; -1; -1; [0.67507902]
40; 4.0277467; 0.028431474; 0.00020428348; 1; [-1]; [8e-06]; [5e-06]; [-1]; 1.2923805e-05; [0.65473216]; 1.4206263e+09; [0.42764379, 1.679401e-09]; 0.65473216; 7.9e-05; -1; -1; -1; -1; -1; -1; [0.65493645]
41; 4.1004343; 0.022804159; 0.0001720539; 1; [-1]; [1e-05]; [5e-06]; [-1]; 1.1143508e-05; [0.62392119]; 1.4206263e+09; [0.72334757, 8.6571241e-09]; 0.62392119; 7.9e-05; -1; -1; -1; -1; -1; -1; [0.62409324]
42; 4.2055346; 0.020131592; 0.00012616371; 1; [-1]; [1.2e-05]; [5e-06]; [-1]; 1.0550851e-05; [0.55726566]; 1.4206263e+09; [1.0890988, 5.7639282e-09]; 0.55726566; 8.6e-05; -1; -1; -1; -1; -1; -1; [0.55739182]
43; 4.3015745; 0.01870373; 8.193968e-05; 1; [-1]; [1.2e-05]; [5e-06]; [-1]; 1.032922e-05; [0.4761824]; 1.4206263e+09; [1.3723296, 3.8571463e-09]; 0.4761824; 8.7e-05; -1; -1; -1; -1; -1; -1; [0.47626434]
44; 4.4101964; 0.017754482; 3.0138099e-05; 1; [-1]; [9e-06]; [5e-06]; [-1]; 1.0186538e-05; [0.36557466]; 1.4206263e+09; [1.6235244, 7.7962541e-09]; 0.36557466; 7.6e-05; -1; -1; -1; -1; -1; -1; [0.3656048]
45; 4.5147928; 0.017251118; 2.082899e-05; 1; [-1]; [1.1e-05]; [5e-06]; [-1]; 1.0092091e-05; [0.24513576]; 1.4206263e+09; [1.7878377, 3.6239356e-09]; 0.24513576; 8.5e-05; -1; -1; -1; -1; -1; -1; [0.24511493]
46; 4.60041; 0.017062865; 6.2830067e-05; 1; [-1]; [9e-06]; [5e-06]; [-1]; 1.0028713e-05; [0.14025922]; 1.4206263e+09; [1.8619751, 1.7697244e-09]; 0.14025922; 7.6e-05; -1; -1; -1; -1; -1; -1; [0.14019639]
47; 4.7026787; 0.017065043; 0.00011274331; 1; [-1]; [1e-05]; [5e-06]; [-1]; 9.9586729e-06; [0.012246646]; 1.4206263e+09; [1.877769, 2.4190738e-10]; 0.012246646; 7.3e-05; -1; -1; -1; -1; -1; -1; [0.012133903]
48; 4.8058047; 0.017310462; 0.00016213118; 1; [-1]; [1.1e-05]; [5e-06]; [-1]; 9.8855569e-06; [-0.11470792]; 1.4206263e+09; [1.8148293, 5.9582828e-10]; 0.11470792; 9e-05; -1; -1; -1; -1; -1; -1; [-0.11487005]
49; 4.9113618; 0.017839322; 0.00021092475; 1; [-1]; [1e-05]; [5e-06]; [-1]; 9.7974862e-06; [-0.23692772]; 1.4206263e+09; [1.6731787, 3.1025327e-09]; 0.23692772; 8.3e-05; -1; -1; -1; -1; -1; -1; [-0.23713865]
50; 5.0026354; 0.0185753; 0.00025100315; 1; [-1]; [6e-06]; [3e-06]; [-1]; 9.6980293e-06; [-0.33230467]; 1.4206263e+09; [1.4939445, 5.1736885e-09]; 0.33230467; 4.9e-05; -1; -1; -1; -1; -1; -1; [-0.33255567]
51; 5.1188145; 0.020042292; 0.00029803927; 1; [-1]; [1.1e-05]; [5e-06]; [-1]; 9.504716e-06; [-0.43499215]; 1.4206263e+09; [1.2015924, 3.0180454e-09]; 0.43499215; 0.000112; -1; -1; -1; -1; -1; -1; [-0.43529019]
52; 5.2028506; 0.021686531; 0.00032829594; 1; [-1]; [1e-05]; [5e-06]; [-1]; 9.2636745e-06; [-0.49358416]; 1.4206263e+09; [0.95480462, 9.9468034e-09]; 0.49358416; 8.8e-05; -1; -1; -1; -1; -1; -1; [-0.49391246]
53; 5.3219534; 0.025716741; 0.00036322254; 1; [-1]; [1e-05]; [4e-06]; [-1]; 8.4808731e-06; [-0.55100712]; 1.4206263e+09; [0.57193579, 2.599625e-09]; 0.55100712; 7.7e-05; -1; -1; -1; -1; -1; -1; [-0.55137034]
54; 5.4102475; 0.031998511; 0.0003791865; 1; [-1]; [1e-05]; [5e-06]; [-1]; 6.5137384e-06; [-0.57287269]; 1.4206263e+09; [0.27812003, 1.8824595e-09]; 0.57287269; 8.4e-05; -1; -1; -1; -1; -1; -1; [-0.57325188]
55; 5.5334252; 0.03681877; 0.00036216656; 1; [-1]; [1.1e-05]; [6e-06]; [-1]; 9.1353457e-06; [-0.57320238]; 1.4206263e+09; [0.1382611, 5.1988258e-10]; 0.57320238; 0.000177; -1; -1; -1; -1; -1; -1; [-0.57356454]
56; 5.6017428; 0.030372066; 0.00033067263; 1; [-1]; [8e-06]; [3e-06]; [-1]; 1.3353414e-05; [-0.55847955]; 1.4206263e+09; [0.37241139, 1.800051e-09]; 0.55847955; 5.8e-05; -1; -1; -1; -1; -1; -1; [-0.55881022]
57; 5.7011334; 0.02297911; 0.00028844117; 1; [-1]; [6e-06]; [2e-06]; [-1]; 1.076337e-05; [-0.51905057]; 1.4206263e+09; [0.70941713, 7.0153832e-09]; 0.51905057; 4.8e-05; -1; -1; -1; -1; -1; -1; [-0.51933901]
58; 5.8086104; 0.020661651; 0.00024296727; 1; [-1]; [6e-06]; [2e-06]; [-1]; 1.0496893e-05; [-0.45451822]; 1.4206263e+09; [1.0154727, 1.0483925e-10]; 0.45451822; 4.7e-05; -1; -1; -1; -1; -1; -1; [-0.45476119]
59; 5.9076526; 0.019343479; 0.00019902326; 1; [-1]; [6e-06]; [3e-06]; [-1]; 1.02929e-05; [-0.3777945]; 1.4206263e+09; [1.2485895, 3.5358904e-09]; 0.3777945; 5.2e-05; -1; -1; -1; -1; -1; -1; [-0.37799352]
60; 6.0019376; 0.018586337; 0.00015598685; 1; [-1]; [6e-06]; [3e-06]; [-1]; 1.0176079e-05; [-0.29246789]; 1.4206263e+09; [1.4201275, 1.7765316e-09]; 0.29246789; 4.7e-05; -1; -1; -1; -1; -1; -1; [-0.29262388]
61; 6.1115812; 0.018103251; 0.00010511686; 1; [-1]; [1.1e-05]; [5e-06]; [-1]; 1.007715e-05; [-0.18252621]; 1.4206263e+09; [1.5516504, 1.5312582e-09]; 0.18252621; 8.5e-05; -1; -1; -1; -1; -1; -1; [-0.18263132]
62; 6.2015711; 0.017955248; 6.3224428e-05; 1; [-1]; [1.1e-05]; [5e-06]; [-1]; 1.0009181e-05; [-0.087341495]; 1.4206263e+09; [1.6021612, 5.410663e-10]; 0.087341495; 8.8e-05; -1; -1; -1; -1; -1; -1; [-0.08740472]
63; 6.3094578; 0.01803839; 1.3486218e-05; 1; [-1]; [9e-06]; [4e-06]; [-1]; 9.931559e-06; [0.027959235]; 1.4206263e+09; [1.5937176, 1.006415e-10]; 0.027959235; 7.3e-05; -1; -1; -1; -1; -1; -1; [0.027945749]
64; 6.400438; 0.018329866; 2.7508493e-05; 1; [-1]; [9e-06]; [4e-06]; [-1]; 9.8615715e-06; [0.12248983]; 1.4206263e+09; [1.5297331, 1.9891182e-09]; 0.12248983; 7.9e-05; -1; -1; -1; -1; -1; -1; [0.12251734]
65; 6.512583; 0.019005535; 7.6062239e-05; 1; [-1]; [1.1e-05]; [5e-06]; [-1]; 9.7571517e-06; [0.23083082]; 1.4206263e+09; [1.3843597, 5.0476744e-09]; 0.23083082; 8.3e-05; -1; -1; -1; -1; -1; -1; [0.23090688]
66; 6.6102874; 0.019957215; 0.00011581; 1; [-1]; [6e-06]; [3e-06]; [-1]; 9.6318761e-06; [0.31407929]; 1.4206263e+09; [1.2046568, 2.0962685e-09]; 0.31407929; 4.8e-05; -1; -1; -1; -1; -1; -1; [0.3141951]
67; 6.7144265; 0.021517323; 0.0001545361; 1; [-1]; [6e-06]; [3e-06]; [-1]; 9.4232263e-06; [0.38790735]; 1.4206263e+09; [0.96826345, 1.6558946e-09]; 0.38790735; 4.8e-05; -1; -1; -1; -1; -1; -1; [0.38806189]
68; 6.8054429; 0.023639611; 0.00018418302; 1; [-1]; [6e-06]; [3e-06]; [-1]; 9.0960017e-06; [0.43763959]; 1.4206263e+09; [0.73283376, 2.1467884e-09]; 0.43763959; 4.8e-05; -1; -1; -1; -1; -1; -1; [0.43782378]
69; 6.9093872; 0.027824241; 0.00021102057; 1; [-1]; [9e-06]; [5e-06]; [-1]; 8.2279641e-06; [0.4757088]; 1.4206263e+09; [0.44347192, 5.2339905e-10]; 0.4757088; 7.7e-05; -1; -1; -1; -1; -1; -1; [0.47591982]
70; 7.0081497; 0.036705032; 0.00022426064; 1; [-1]; [1.1e-05]; [5e-06]; [-1]; 5.0266348e-06; [0.49233657]; 1.4206263e+09; [0.16361222, 4.0337172e-10]; 0.49233657; 8.7e-05; -1; -1; -1; -1; -1; -1; [0.49256083]
71; 7.1272869; 0.033720248; 0.00020195513; 1; [-1]; [1e-05]; [5e-06]; [-1]; 9.9129958e-06; [0.48672714]; 1.4206263e+09; [0.19109099, 1.8209786e-10]; 0.48672714; 0.000171; -1; -1; -1; -1; -1; -1; [0.4869291]
72; 7.2184755; 0.027640723; 0.00016558945; 1; [-1]; [1.1e-05]; [5e-06]; [-1]; 1.2437611e-05; [0.46401926]; 1.4206263e+09; [0.45632694, 1.9338373e-09]; 0.46401926; 8.5e-05; -1; -1; -1; -1; -1; -1; [0.46418485]
73; 7.3156829; 0.023146062; 0.00012691865; 1; [-1]; [1.1e-05]; [5e-06]; [-1]; 1.0714623e-05; [0.42345638]; 1.4206263e+09; [0.71644287, 2.0882631e-09]; 0.42345638; 8.7e-05; -1; -1; -1; -1; -1; -1; [0.4235833]
74; 7.4036292; 0.021399897; 9.0844616e-05; 1; [-1]; [1e-05]; [6e-06]; [-1]; 1.0461946e-05; [0.37371862]; 1.4206263e+09; [0.91915267, 3.7990089e-10]; 0.37371862; 9.1e-05; -1; -1; -1; -1; -1; -1; [0.37380947]
75; 7.5065018; 0.020124524; 4.7062036e-05; 1; [-1]; [1e-05]; [4e-06]; [-1]; 1.0269996e-05; [0.30223839]; 1.4206263e+09; [1.1142612, 3.9016141e-09]; 0.30223839; 7.6e-05; -1; -1; -1; -1; -1; -1; [0.30228545]
76; 7.6048085; 0.019407508; 4.1646303e-06; 1; [-1]; [1e-05]; [5e-06]; [-1]; 1.0153967e-05; [0.22342061]; 1.4206263e+09; [1.2525034, 1.0816908e-09]; 0.22342061; 8.5e-05; -1; -1; -1; -1; -1; -1; [0.22342477]
77; 7.700606; 0.019032286; 3.8130898e-05; 1; [-1]; [1e-05]; [5e-06]; [-1]; 1.0067571e-05; [0.13984259]; 1.4206263e+09; [1.338033, 2.39528e-09]; 0.13984259; 7.7e-05; -1; -1; -1; -1; -1; -1; [0.13980446]
78; 7.8142374; 0.018918335; 8.8250601e-05; 1; [-1]; [1e-05]; [5e-06]; [-1]; 9.979277e-06; [0.036436102]; 1.4206263e+09; [1.373972, 3.4569148e-10]; 0.036436102; 8.2e-05; -1; -1; -1; -1; -1; -1; [0.036347852]
79; 7.909208; 0.019075391; 0.00012952691; 1; [-1]; [1e-05]; [5e-06]; [-1]; 9.9066547e-06; [-0.049850978]; 1.4206263e+09; [1.3495499, 3.3927572e-10]; 0.049850978; 8.2e-05; -1; -1; -1; -1; -1; -1; [-0.049980505]
80; 8.0056885; 0.019479028; 0.00017032905; 1; [-1]; [1e-05]; [5e-06]; [-1]; 9.8250728e-06; [-0.13400374]; 1.4206263e+09; [1.2760705, 3.1127647e-09]; 0.13400374; 8e-05; -1; -1; -1; -1; -1; -1; [-0.13417407]
81; 8.1050828; 0.020194013; 0.00021055921; 1; [-1]; [1e-05]; [5e-06]; [-1]; 9.721179e-06; [-0.21381619]; 1.4206263e+09; [1.1531526, 1.2894785e-10]; 0.21381619; 7.9e-05; -1; -1; -1; -1; -1; -1; [-0.21402675]
82; 8.2093528; 0.021372326; 0.00024999686; 1; [-1]; [9e-06]; [4e-06]; [-1]; 9.5676509e-06; [-0.28681751]; 1.4206263e+09; [0.9792569, 4.1604054e-10]; 0.28681751; 7.6e-05; -1; -1; -1; -1; -1; -1; [-0.2870675]
83; 8.3218085; 0.02339545; 0.00028812041; 1; [-1]; [8e-06]; [4e-06]; [-1]; 9.2885659e-06; [-0.34996128]; 1.4206263e+09; [0.75024744, 3.9065201e-10]; 0.34996128; 7.1e-05; -1; -1; -1; -1; -1; -1; [-0.3502494]
84; 8.422292; 0.026402404; 0.0003166807; 1; [-1]; [9e-06]; [4e-06]; [-1]; 8.7789914e-06; [-0.39046639]; 1.4206263e+09; [0.5198933, 2.8895453e-10]; 0.39046639; 7.2e-05; -1; -1; -1; -1; -1; -1; [-0.39078307]
85; 8.5099764; 0.031048371; 0.00033512172; 1; [-1]; [9e-06]; [4e-06]; [-1]; 7.6781439e-06; [-0.41243321]; 1.4206263e+09; [0.30827139, 3.9498688e-10]; 0.41243321; 7.1e-05; -1; -1; -1; -1; -1; -1; [-0.41276833]
86; 8.6317565; 0.049257961; 0.00033847923; 1; [-1]; [9e-06]; [5e-06]; [-1]; 2.1817222e-06; [-0.42143289]; 1.4206263e+09; [0.019390556, 6.1315349e-11]; 0.42143289; 8.2e-05; -1; -1; -1; -1; -1; -1; [-0.42177137]
87; 8.7072362; 0.034492391; 0.00031811641; 1; [-1]; [9e-06]; [5e-06]; [-1]; 9.9434786e-06; [-0.41448097]; 1.4206263e+09; [0.18376716, 1.6228879e-10]; 0.41448097; 0.000161; -1; -1; -1; -1; -1; -1; [-0.41479909]
88; 8.8008493; 0.028536888; 0.00028246373; 1; [-1]; [1e-05]; [5e-06]; [-1]; 1.2304373e-05; [-0.3930256]; 1.4206263e+09; [0.41581443, 2.1026708e-09]; 0.3930256; 8.1e-05; -1; -1; -1; -1; -1; -1; [-0.39330806]
89; 8.901772; 0.02406279; 0.00024396823; 1; [-1]; [9e-06]; [5e-06]; [-1]; 1.0702928e-05; [-0.35508769]; 1.4206263e+09; [0.64273037, 3.0167883e-09]; 0.35508769; 7.9e-05; -1; -1; -1; -1; -1; -1; [-0.35533166]
90; 9.0152592; 0.021964174; 0.00019913522; 1; [-1]; [9e-06]; [4e-06]; [-1]; 1.0397855e-05; [-0.29634265]; 1.4206263e+09; [0.85552646, 9.9089481e-10]; 0.29634265; 7.5e-05; -1; -1; -1; -1; -1; -1; [-0.29654178]
91; 9.1005858; 0.02100978; 0.00016428266; 1; [-1]; [9e-06]; [4e-06]; [-1]; 1.0254307e-05; [-0.24290562]; 1.4206263e+09; [0.98318918, 2.423281e-09]; 0.24290562; 7.4e-05; -1; -1; -1; -1; -1; -1; [-0.2430699]
92; 9.2033796; 0.020316151; 0.00012149172; 1; [-1]; [9e-06]; [4e-06]; [-1]; 1.0135686e-05; [-0.17057355]; 1.4206263e+09; [1.0954214, 2.6891849e-09]; 0.17057355; 7.3e-05; -1; -1; -1; -1; -1; -1; [-0.17069504]
93; 9.3038527; 0.019988434; 7.932384e-05; 1; [-1]; [9e-06]; [4e-06]; [-1]; 1.0045119e-05; [-0.094379781]; 1.4206263e+09; [1.1582422, 2.3661542e-09]; 0.094379781; 7.4e-05; -1; -1; -1; -1; -1; -1; [-0.094459105]
94; 9.4035614; 0.019946296; 3.7672871e-05; 1; [-1]; [1e-05]; [5e-06]; [-1]; 9.9648168e-06; [-0.016527013]; 1.4206263e+09; [1.1734344, 2.67939e-10]; 0.016527013; 8.1e-05; -1; -1; -1; -1; -1; -1; [-0.016564686]
95; 9.5038608; 0.020172198; 3.4828048e-06; 1; [-1]; [1e-05]; [5e-06]; [-1]; 9.8831119e-06; [0.060887415]; 1.4206263e+09; [1.1418767, 2.1627633e-10]; 0.060887415; 8.1e-05; -1; -1; -1; -1; -1; -1; [0.060890898]
96; 9.6061664; 0.020698283; 4.4094817e-05; 1; [-1]; [3e-05]; [5e-06]; [-1]; 9.7880876e-06; [0.13574999]; 1.4206263e+09; [1.0637839, 7.2797368e-10]; 0.13574999; 0.000101; -1; -1; -1; -1; -1; -1; [0.13579409]
97; 9.7122436; 0.021624691; 8.4020567e-05; 1; [-1]; [1e-05]; [5e-06]; [-1]; 9.6603938e-06; [0.20580045]; 1.4206263e+09; [0.93856831, 7.1237771e-10]; 0.20580045; 8e-05; -1; -1; -1; -1; -1; -1; [0.20588447]
98; 9.8015447; 0.022809148; 0.00011525588; 1; [-1]; [1e-05]; [5e-06]; [-1]; 9.5067454e-06; [0.25664038]; 1.4206263e+09; [0.80315907, 1.7124623e-09]; 0.25664038; 8.6e-05; -1; -1; -1; -1; -1; -1; [0.25675564]
99; 9.9225549; 0.025352287; 0.00015276724; 1; [-1]; [1e-05]; [5e-06]; [-1]; 9.1445596e-06; [0.31092013]; 1.4206263e+09; [0.5854715, 2.6550073e-09]; 0.31092013; 8e-05; -1; -1; -1; -1; -1; -1; [0.3110729]
100; 10.003849; 0.028142418; 0.00017362367; 1; [-1]; [1.1e-05]; [6e-06]; [-1]; 8.6533002e-06; [0.33669615]; 1.4206263e+09; [0.42382531, 1.5874197e-09]; 0.33669615; 8.6e-05; -1; -1; -1; -1; -1; -1; [0.33686977]
101; 10.136339; 0.037744682; 0.00019473821; 1; [-1]; [1e-05]; [5e-06]; [-1]; 5.8573096e-06; [0.35875328]; 1.4206263e+09; [0.14999201, 5.8610852e-10]; 0.35875328; 7.5e-05; -1; -1; -1; -1; -1; -1; [0.35894802]
102; 10.230923; 0.049472738; 0.00018607633; 1; [-1]; [9e-06]; [5e-06]; [-1]; 8.1876329e-06; [0.3589861]; 1.4206263e+09; [0.045794429, 7.2460302e-11]; 0.3589861; 0.000154; -1; -1; -1; -1; -1; -1; [0.35917217]
103; 10.309487; 0.039502902; 0.00015980843; 1; [-1]; [1e-05]; [5e-06]; [-1]; 1.70022e-05; [0.3494963]; 1.4206263e+09; [0.22256772, 1.157236e-10]; 0.3494963; 8e-05; -1; -1; -1; -1; -1; -1; [0.34965611]
104; 10.401023; 0.027986242; 0.00012448439; 1; [-1]; [1.1e-05]; [6e-06]; [-1]; 1.1396949e-05; [0.32786026]; 1.4206263e+09; [0.4110757, 1.0497214e-11]; 0.32786026; 0.000117; -1; -1; -1; -1; -1; -1; [0.32798474]
105; 10.503584; 0.024671839; 8.7074277e-05; 1; [-1]; [8e-06]; [4e-06]; [-1]; 1.0613998e-05; [0.29120459]; 1.4206263e+09; [0.60159919, 1.3656964e-09]; 0.29120459; 7.4e-05; -1; -1; -1; -1; -1; -1; [0.29129167]
106; 10.620601; 0.022714901; 4.2536563e-05; 1; [-1]; [1.1e-05]; [5e-06]; [-1]; 1.0355329e-05; [0.23561546]; 1.4206263e+09; [0.77744742, 1.4805634e-10]; 0.23561546; 9.1e-05; -1; -1; -1; -1; -1; -1; [0.235658]
107; 10.70913; 0.021837898; 7.8703873e-06; 1; [-1]; [9e-06]; [5e-06]; [-1]; 1.0219863e-05; [0.18575442]; 1.4206263e+09; [0.87946175, 4.4901527e-11]; 0.18575442; 7.7e-05; -1; -1; -1; -1; -1; -1; [0.18576229]
108; 10.816327; 0.021232485; 3.4714409e-05; 1; [-1]; [9e-06]; [5e-06]; [-1]; 1.0102706e-05; [0.11899278]; 1.4206263e+09; [0.96321442, 7.0530093e-10]; 0.11899278; 8.1e-05; -1; -1; -1; -1; -1; -1; [0.11895807]
109; 10.900673; 0.021026427; 6.8321981e-05; 1; [-1]; [1.1e-05]; [5e-06]; [-1]; 1.0026581e-05; [0.063496134]; 1.4206263e+09; [0.99693211, 2.2925528e-10]; 0.063496134; 9.4e-05; -1; -1; -1; -1; -1; -1; [0.063427812]
110; 11.005775; 0.021057785; 0.00010982995; 1; [-1]; [1e-05]; [5e-06]; [-1]; 9.9381211e-06; [-0.0066771461]; 1.4206263e+09; [0.99870462, 6.410672e-11]; 0.0066771461; 7.9e-05; -1; -1; -1; -1; -1; -1; [-0.0067869761]
111; 11.11198; 0.021407851; 0.00015078021; 1; [-1]; [1.1e-05]; [4e-06]; [-1]; 9.8443284e-06; [-0.075792312]; 1.4206263e+09; [0.95625554, 3.1902248e-10]; 0.075792312; 8.2e-05; -1; -1; -1; -1; -1; -1; [-0.075943092]
112; 11.221036; 0.02213841; 0.00019108631; 1; [-1]; [1.1e-05]; [5e-06]; [-1]; 9.7287317e-06; [-0.14170178]; 1.4206263e+09; [0.86960054, 6.6906591e-10]; 0.14170178; 8.3e-05; -1; -1; -1; -1; -1; -1; [-0.14189286]
113; 11.311877; 0.023106203; 0.0002227213; 1; [-1]; [1.1e-05]; [6e-06]; [-1]; 9.6005769e-06; [-0.19054357]; 1.4206263e+09; [0.76783594, 9.509481e-10]; 0.19054357; 8.3e-05; -1; -1; -1; -1; -1; -1; [-0.19076629]
114; 11.407875; 0.024624263; 0.00025354722; 1; [-1]; [8e-06]; [4e-06]; [-1]; 9.4020389e-06; [-0.23439738]; 1.4206263e+09; [0.63577188, 4.3247622e-10]; 0.23439738; 7.2e-05; -1; -1; -1; -1; -1; -1; [-0.23465093]
115; 11.512327; 0.027195013; 0.00028296184; 1; [-1]; [1e-05]; [5e-06]; [-1]; 9.0233979e-06; [-0.27140402]; 1.4206263e+09; [0.46998775, 1.8725438e-10]; 0.27140402; 8.2e-05; -1; -1; -1; -1; -1; -1; [-0.27168698]
116; 11.600511; 0.030744079; 0.0003030574; 1; [-1]; [1e-05]; [5e-06]; [-1]; 8.3602997e-06; [-0.29297055]; 1.4206263e+09; [0.31819754, 3.7339293e-10]; 0.29297055; 7.9e-05; -1; -1; -1; -1; -1; -1; [-0.2932736]
117; 11.707737; 0.03932522; 0.00031773116; 1; [-1]; [8e-06]; [4e-06]; [-1]; 5.8312091e-06; [-0.3064884]; 1.4206263e+09; [0.12854155, 1.8786736e-11]; 0.3064884; 7.4e-05; -1; -1; -1; -1; -1; -1; [-0.30680613]
118; 11.805873; 0.05106536; 0.00030902877; 1; [-1]; [8e-06]; [4e-06]; [-1]; 8.1236532e-06; [-0.30640857]; 1.4206263e+09; [0.045306461, 1.164428e-10]; 0.30640857; 0.000153; -1; -1; -1; -1; -1; -1; [-0.3067176]
119; 11.921841; 0.034422774; 0.00026981558; 1; [-1]; [6e-06]; [2e-06]; [-1]; 1.2825067e-05; [-0.29131962]; 1.4206263e+09; [0.25914996, 3.5379583e-10]; 0.29131962; 4.7e-05; -1; -1; -1; -1; -1; -1; [-0.29158944]
120; 12.010558; 0.027898388; 0.00023795916; 1; [-1]; [7e-06]; [3e-06]; [-1]; 1.1109976e-05; [-0.26947356]; 1.4206263e+09; [0.41529436, 1.1842777e-09]; 0.26947356; 4.9e-05; -1; -1; -1; -1; -1; -1; [-0.26971152]
121; 12.114712; 0.025214616; 0.00020128468; 1; [-1]; [6e-06]; [3e-06]; [-1]; 1.0556757e-05; [-0.23365413]; 1.4206263e+09; [0.5691024, 1.1624361e-09]; 0.23365413; 5.6e-05; -1; -1; -1; -1; -1; -1; [-0.23385542]
122; 12.21158; 0.023717571; 0.00016585726; 1; [-1]; [6e-06]; [3e-06]; [-1]; 1.0341622e-05; [-0.19195865]; 1.4206263e+09; [0.68562732, 1.153867e-10]; 0.19195865; 4.8e-05; -1; -1; -1; -1; -1; -1; [-0.1921245]
123; 12.304124; 0.022845496; 0.00013126842; 1; [-1]; [7e-06]; [3e-06]; [-1]; 1.020317e-05; [-0.14618128]; 1.4206263e+09; [0.7705364, 2.0728749e-09]; 0.14618128; 4.8e-05; -1; -1; -1; -1; -1; -1; [-0.14631255]
124; 12.416463; 0.022279564; 8.8804321e-05; 1; [-1]; [1.1e-05]; [4e-06]; [-1]; 1.008116e-05; [-0.085238634]; 1.4206263e+09; [0.83568698, 9.8543163e-10]; 0.085238634; 8.6e-05; -1; -1; -1; -1; -1; -1; [-0.085327438]
125; 12.505136; 0.022131995; 5.5319269e-05; 1; [-1]; [1.1e-05]; [5e-06]; [-1]; 9.9995949e-06; [-0.034927176]; 1.4206263e+09; [0.85651747, 9.8863806e-11]; 0.034927176; 8.7e-05; -1; -1; -1; -1; -1; -1; [-0.034982495]
126; 12.61609; 0.022278721; 1.4011987e-05; 1; [-1]; [1e-05]; [5e-06]; [-1]; 9.9011039e-06; [0.028128577]; 1.4206263e+09; [0.84448132, 1.4351165e-10]; 0.028128577; 9e-05; -1; -1; -1; -1; -1; -1; [0.028114565]
127; 12.706106; 0.022672109; 1.8577488e-05; 1; [-1]; [1e-05]; [4e-06]; [-1]; 9.8145162e-06; [0.077400625]; 1.4206263e+09; [0.80471872, 7.9005125e-10]; 0.077400625; 7.8e-05; -1; -1; -1; -1; -1; -1; [0.077419203]
128; 12.822014; 0.023595759; 5.8629754e-05; 1; [-1]; [6e-06]; [3e-06]; [-1]; 9.6772374e-06; [0.13568594]; 1.4206263e+09; [0.71720205, 5.7304228e-10]; 0.13568594; 4.9e-05; -1; -1; -1; -1; -1; -1; [0.13574457]
129; 12.919328; 0.024840078; 8.9923578e-05; 1; [-1]; [6e-06]; [3e-06]; [-1]; 9.5156416e-06; [0.17814192]; 1.4206263e+09; [0.61614847, 4.2108811e-10]; 0.17814192; 4.7e-05; -1; -1; -1; -1; -1; -1; [0.17823184]
130; 13.023445; 0.026877041; 0.00012014379; 1; [-1]; [6e-06]; [3e-06]; [-1]; 9.241644e-06; [0.21523143]; 1.4206263e+09; [0.48556053, 4.7626558e-10]; 0.21523143; 4.7e-05; -1; -1; -1; -1; -1; -1; [0.21535157]
131; 13.108917; 0.029443356; 0.00014152507; 1; [-1]; [6e-06]; [3e-06]; [-1]; 8.8415934e-06; [0.23826027]; 1.4206263e+09; [0.36549529, 1.8674567e-10]; 0.23826027; 4.8e-05; -1; -1; -1; -1; -1; -1; [0.2384018]
132; 13.20611; 0.034282914; 0.00016036953; 1; [-1]; [6e-06]; [2e-06]; [-1]; 7.8465908e-06; [0.25556318]; 1.4206263e+09; [0.22058987, 1.0944542e-10]; 0.25556318; 4.8e-05; -1; -1; -1; -1; -1; -1; [0.25572355]
133; 13.335862; 0.050861042; 0.00016757679; 1; [-1]; [6e-06]; [3e-06]; [-1]; 9.5540197e-07; [0.26322957]; 1.4206263e+09; [0.026870626, 8.8019415e-11]; 0.26322957; 4.9e-05; -1; -1; -1; -1; -1; -1; [0.26339715]
134; 13.425409; 0.041170723; 0.00014898415; 1; [-1]; [6e-06]; [3e-06]; [-1]; 9.7992668e-06; [0.25820459]; 1.4206263e+09; [0.11848806, 5.541291e-11]; 0.25820459; 0.000103; -1; -1; -1; -1; -1; -1; [0.25835357]
135; 13.502524; 0.035665045; 0.00012238374; 1; [-1]; [6e-06]; [3e-06]; [-1]; 1.2765043e-05; [0.24736079]; 1.4206263e+09; [0.23557296, 2.9133615e-10]; 0.24736079; 4.7e-05; -1; -1; -1; -1; -1; -1; [0.24748317]
136; 13.622873; 0.028052691; 8.1323489e-05; 1; [-1]; [6e-06]; [3e-06]; [-1]; 1.0766486e-05; [0.21926455]; 1.4206263e+09; [0.40887857, 1.968995e-10]; 0.21926455; 5.1e-05; -1; -1; -1; -1; -1; -1; [0.21934587]
137; 13.703291; 0.026270054; 5.4041633e-05; 1; [-1]; [6e-06]; [3e-06]; [-1]; 1.0539505e-05; [0.1937345]; 1.4206263e+09; [0.50544627, 6.280062e-10]; 0.1937345; 4.8e-05; -1; -1; -1; -1; -1; -1; [0.19378854]
138; 13.804349; 0.02476287; 1.8697684e-05; 1; [-1]; [6e-06]; [3e-06]; [-1]; 1.0324921e-05; [0.15527861]; 1.4206263e+09; [0.60459155, 1.0096335e-09]; 0.15527861; 5.2e-05; -1; -1; -1; -1; -1; -1; [0.15529731]
139; 13.901105; 0.023906849; 1.5799798e-05; 1; [-1]; [6e-06]; [3e-06]; [-1]; 1.0183677e-05; [0.1132775]; 1.4206263e+09; [0.67428462, 4.5402587e-10]; 0.1132775; 4.8e-05; -1; -1; -1; -1; -1; -1; [0.1132617]
140; 14.018904; 0.023397608; 5.8122888e-05; 1; [-1]; [6e-06]; [2e-06]; [-1]; 1.0055959e-05; [0.057733041]; 1.4206263e+09; [0.72300256, 1.11628e-09]; 0.057733041; 4.8e-05; -1; -1; -1; -1; -1; -1; [0.057674919]
141; 14.112234; 0.023327758; 9.146394e-05; 1; [-1]; [6e-06]; [3e-06]; [-1]; 9.967716e-06; [0.012245962]; 1.4206263e+09; [0.7325484, 1.4394091e-10]; 0.012245962; 4.8e-05; -1; -1; -1; -1; -1; -1; [0.012154498]
142; 14.205968; 0.023531531; 0.00012437311; 1; [-1]; [1.9e-05]; [1.3e-05]; [-1]; 9.8794206e-06; [-0.033011325]; 1.4206263e+09; [0.71652276, 1.9698393e-10]; 0.033011325; 0.000144; -1; -1; -1; -1; -1; -1; [-0.033135698]
143; 14.301244; 0.024031678; 0.0001568198; 1; [-1]; [1.1e-05]; [5e-06]; [-1]; 9.7801165e-06; [-0.07696178]; 1.4206263e+09; [0.67512426, 6.0215671e-10]; 0.07696178; 9e-05; -1; -1; -1; -1; -1; -1; [-0.0771186]
144; 14.424617; 0.025199323; 0.00019657245; 1; [-1]; [1.1e-05]; [5e-06]; [-1]; 9.6152579e-06; [-0.12831652]; 1.4206263e+09; [0.58741958, 3.2851932e-10]; 0.12831652; 8.5e-05; -1; -1; -1; -1; -1; -1; [-0.12851309]
145; 14.502384; 0.026330251; 0.00021982746; 1; [-1]; [1.1e-05]; [5e-06]; [-1]; 9.4695044e-06; [-0.15624668]; 1.4206263e+09; [0.51503857, 6.1738503e-10]; 0.15624668; 8.4e-05; -1; -1; -1; -1; -1; -1; [-0.15646651]
146; 14.613307; 0.028742752; 0.00024968687; 1; [-1]; [1.1e-05]; [6e-06]; [-1]; 9.1409743e-06; [-0.18871089]; 1.4206263e+09; [0.39364772, 7.8441498e-10]; 0.18871089; 7.9e-05; -1; -1; -1; -1; -1; -1; [-0.18896058]
147; 14.705535; 0.031947323; 0.00027046814; 1; [-1]; [1e-05]; [5e-06]; [-1]; 8.6191098e-06; [-0.20821752]; 1.4206263e+09; [0.28096993, 3.6331399e-10]; 0.20821752; 8.3e-05; -1; -1; -1; -1; -1; -1; [-0.20848799]
148; 14.813549; 0.038733573; 0.00028754889; 1; [-1]; [1.1e-05]; [5e-06]; [-1]; 7.0511436e-06; [-0.22165989]; 1.4206263e+09; [0.1421725, 1.158236e-10]; 0.22165989; 8.2e-05; -1; -1; -1; -1; -1; -1; [-0.22194744]
149; 14.910268; 0.053200805; 0.00028957653; 1; [-1]; [1e-05]; [5e-06]; [-1]; 7.7325819e-07; [-0.2247837]; 1.4206263e+09; [0.019563556, 6.2397464e-11]; 0.2247837; 8.1e-05; -1; -1; -1; -1; -1; -1; [-0.22507328]
150; 15.002419; 0.042683418; 0.00027127845; 1; [-1]; [1e-05]; [4e-06]; [-1]; 9.8161188e-06; [-0.21996598]; 1.4206263e+09; [0.10846016, 9.6884445e-11]; 0.21996598; 0.000165; -1; -1; -1; -1; -1; -1; [-0.22023726]
151; 15.116698; 0.034217924; 0.00023332356; 1; [-1]; [1.1e-05]; [5e-06]; [-1]; 1.2656835e-05; [-0.20389256]; 1.4206263e+09; [0.25676745, 3.2593467e-10]; 0.20389256; 8.4e-05; -1; -1; -1; -1; -1; -1; [-0.20412588]
152; 15.207818; 0.029228508; 0.00020390138; 1; [-1]; [1.1e-05]; [5e-06]; [-1]; 1.0759028e-05; [-0.18372615]; 1.4206263e+09; [0.36377657, 3.8270354e-10]; 0.18372615; 8.2e-05; -1; -1; -1; -1; -1; -1; [-0.18393005]
153; 15.318593; 0.026934619; 0.00016774905; 1; [-1]; [1e-05]; [4e-06]; [-1]; 1.0464109e-05; [-0.15164092]; 1.4206263e+09; [0.47121493, 2.6549657e-10]; 0.15164092; 7.9e-05; -1; -1; -1; -1; -1; -1; [-0.15180867]
154; 15.422791; 0.025614675; 0.00013273344; 1; [-1]; [1e-05]; [5e-06]; [-1]; 1.0266209e-05; [-0.11535271]; 1.4206263e+09; [0.54827524, 4.3954018e-10]; 0.11535271; 8.3e-05; -1; -1; -1; -1; -1; -1; [-0.11548544]
155; 15.523327; 0.024904678; 9.8497272e-05; 1; [-1]; [1e-05]; [4e-06]; [-1]; 1.0133534e-05; [-0.076331026]; 1.4206263e+09; [0.59837452, 9.262402e-10]; 0.076331026; 8.2e-05; -1; -1; -1; -1; -1; -1; [-0.076429523]
156; 15.622074; 0.024599908; 6.482769e-05; 1; [-1]; [1e-05]; [4e-06]; [-1]; 1.0028235e-05; [-0.035775716]; 1.4206263e+09; [0.62307385, 4.2705517e-10]; 0.035775716; 7.9e-05; -1; -1; -1; -1; -1; -1; [-0.035840543]
157; 15.720441; 0.024626896; 3.164816e-05; 1; [-1]; [1.1e-05]; [5e-06]; [-1]; 9.9314998e-06; [0.005212566]; 1.4206263e+09; [0.62320706, 5.3634874e-13]; 0.005212566; 8.7e-05; -1; -1; -1; -1; -1; -1; [0.0051809178]
158; 15.819722; 0.024978133; 1.045919e-06; 1; [-1]; [1.1e-05]; [5e-06]; [-1]; 9.8302286e-06; [0.045565445]; 1.4206263e+09; [0.59919081, 2.2335911e-10]; 0.045565445; 9e-05; -1; -1; -1; -1; -1; -1; [0.04556649]
159; 15.921319; 0.025705002; 3.3191739e-05; 1; [-1]; [1.1e-05]; [5e-06]; [-1]; 9.7094569e-06; [0.084187586]; 1.4206263e+09; [0.55111129, 5.570997e-10]; 0.084187586; 8.9e-05; -1; -1; -1; -1; -1; -1; [0.084220778]
160; 16.000101; 0.026575325; 5.6849815e-05; 1; [-1]; [1.1e-05]; [5e-06]; [-1]; 9.591446e-06; [0.11130702]; 1.4206263e+09; [0.49907519, 5.5917188e-10]; 0.11130702; 9e-05; -1; -1; -1; -1; -1; -1; [0.11136387]
161; 16.110678; 0.028406422; 8.7528856e-05; 1; [-1]; [1.1e-05]; [5e-06]; [-1]; 9.3549317e-06; [0.14390326]; 1.4206263e+09; [0.40756653, 4.9767485e-10]; 0.14390326; 9e-05; -1; -1; -1; -1; -1; -1; [0.14399079]
162; 16.200176; 0.03066458; 0.00010948692; 1; [-1]; [1.1e-05]; [5e-06]; [-1]; 9.0402732e-06; [0.16472817]; 1.4206263e+09; [0.32094772, 3.3897285e-10]; 0.16472817; 9e-05; -1; -1; -1; -1; -1; -1; [0.16483766]
163; 16.336213; 0.036720489; 0.00013554225; 1; [-1]; [1e-05]; [6e-06]; [-1]; 7.9350537e-06; [0.18552272]; 1.4206263e+09; [0.17565302, 1.4746827e-10]; 0.18552272; 8.9e-05; -1; -1; -1; -1; -1; -1; [0.18565826]
164; 16.420088; 0.044210609; 0.00014433587; 1; [-1]; [1.1e-05]; [6e-06]; [-1]; 5.8437847e-06; [0.19137136]; 1.4206263e+09; [0.083128538, 1.9945198e-11]; 0.19137136; 0.000121; -1; -1; -1; -1; -1; -1; [0.19151569]
165; 16.530642; 0.057674152; 0.00013565051; 1; [-1]; [1.1e-05]; [5e-06]; [-1]; 8.1581202e-06; [0.19079471]; 1.4206263e+09; [0.038799324, 3.7411921e-11]; 0.19079471; 0.000189; -1; -1; -1; -1; -1; -1; [0.19093036]
166; 16.622555; 0.046206183; 0.00010951518; 1; [-1]; [1.1e-05]; [5e-06]; [-1]; 1.6901339e-05; [0.1833033]; 1.4206263e+09; [0.14772722, 6.2796934e-11]; 0.1833033; 9e-05; -1; -1; -1; -1; -1; -1; [0.18341282]
167; 16.729955; 0.032881531; 7.4393606e-05; 1; [-1]; [1.1e-05]; [5e-06]; [-1]; 1.1355688e-05; [0.16698689]; 1.4206263e+09; [0.2616886, 1.7455279e-10]; 0.16698689; 9.5e-05; -1; -1; -1; -1; -1; -1; [0.16706129]
168; 16.821698; 0.029763639; 4.6269259e-05; 1; [-1]; [1.1e-05]; [6e-06]; [-1]; 1.0654105e-05; [0.14724704]; 1.4206263e+09; [0.34853558, 7.3563378e-12]; 0.14724704; 9e-05; -1; -1; -1; -1; -1; -1; [0.1472933]
169; 16.907587; 0.028135003; 1.9329497e-05; 1; [-1]; [1.1e-05]; [5e-06]; [-1]; 1.0453123e-05; [0.12462461]; 1.4206263e+09; [0.41506716, 3.1086628e-10]; 0.12462461; 9e-05; -1; -1; -1; -1; -1; -1; [0.12464394]
170; 17.01654; 0.026803149; 1.5609857e-05; 1; [-1]; [1.1e-05]; [5e-06]; [-1]; 1.0248624e-05; [0.091339192]; 1.4206263e+09; [0.47975784, 2.665842e-10]; 0.091339192; 8.7e-05; -1; -1; -1; -1; -1; -1; [0.091323582]
171; 17.121902; 0.026126822; 4.9742208e-05; 1; [-1]; [1.1e-05]; [5e-06]; [-1]; 1.0110481e-05; [0.055741862]; 1.4206263e+09; [0.5191954, 1.7228868e-10]; 0.055741862; 9.6e-05; -1; -1; -1; -1; -1; -1; [0.055692119]
172; 17.225706; 0.025894828; 8.3275871e-05; 1; [-1]; [1.1e-05]; [5e-06]; [-1]; 9.9977572e-06; [0.018999234]; 1.4206263e+09; [0.53476027, 8.2305107e-11]; 0.018999234; 8.6e-05; -1; -1; -1; -1; -1; -1; [0.018915958]
173; 17.303495; 0.025970111; 0.00010807451; 1; [-1]; [1.1e-05]; [5e-06]; [-1]; 9.9174998e-06; [-0.0086555138]; 1.4206263e+09; [0.53121577, 6.6923023e-11]; 0.0086555138; 9.4e-05; -1; -1; -1; -1; -1; -1; [-0.0087635883]
174; 17.40834; 0.026406291; 0.00014066289; 1; [-1]; [1.1e-05]; [4e-06]; [-1]; 9.803477e-06; [-0.044802211]; 1.4206263e+09; [0.50649118, 4.1873072e-10]; 0.044802211; 8.9e-05; -1; -1; -1; -1; -1; -1; [-0.044942873]
175; 17.516031; 0.027298306; 0.00017262382; 1; [-1]; [1.1e-05]; [5e-06]; [-1]; 9.6633423e-06; [-0.079103026]; 1.4206263e+09; [0.45894358, 3.370148e-10]; 0.079103026; 9e-05; -1; -1; -1; -1; -1; -1; [-0.07927565]
176; 17.628839; 0.028847654; 0.00020373728; 1; [-1]; [1.1e-05]; [5e-06]; [-1]; 9.4606986e-06; [-0.11033237]; 1.4206263e+09; [0.38813349, 7.3274004e-10]; 0.11033237; 8.9e-05; -1; -1; -1; -1; -1; -1; [-0.11053611]
177; 17.718962; 0.030729924; 0.00022621608; 1; [-1]; [1.1e-05]; [5e-06]; [-1]; 9.2140714e-06; [-0.13085119]; 1.4206263e+09; [0.31892765, 4.4756782e-11]; 0.13085119; 8.9e-05; -1; -1; -1; -1; -1; -1; [-0.1310774]
178; 17.816959; 0.033823573; 0.00024737935; 1; [-1]; [1.1e-05]; [6e-06]; [-1]; 8.7554287e-06; [-0.14794557]; 1.4206263e+09; [0.23422897, 4.1848952e-10]; 0.14794557; 8.9e-05; -1; -1; -1; -1; -1; -1; [-0.14819295]
179; 17.929666; 0.04001956; 0.00026550732; 1; [-1]; [1.2e-05]; [5e-06]; [-1]; 7.5274755e-06; [-0.16021428]; 1.4206263e+09; [0.12959755, 3.3778008e-11]; 0.16021428; 9.7e-05; -1; -1; -1; -1; -1; -1; [-0.16047978]
180; 18.024532; 0.050872385; 0.00027165156; 1; [-1]; [1.1e-05]; [5e-06]; [-1]; 4.0203208e-06; [-0.16410466]; 1.4206263e+09; [0.04067438, 2.9923234e-11]; 0.16410466; 8.8e-05; -1; -1; -1; -1; -1; -1; [-0.16437632]
181; 18.143609; 0.050148666; 0.00025151298; 1; [-1]; [1.1e-05]; [6e-06]; [-1]; 9.2365565e-06; [-0.16063768]; 1.4206263e+09; [0.073081442, 4.8181126e-11]; 0.16063768; 0.000189; -1; -1; -1; -1; -1; -1; [-0.16088919]
182; 18.236428; 0.041325398; 0.00022052807; 1; [-1]; [1.1e-05]; [5e-06]; [-1]; 1.3124884e-05; [-0.15172852]; 1.4206263e+09; [0.16138137, 2.9506353e-10]; 0.15172852; 9.8e-05; -1; -1; -1; -1; -1; -1; [-0.15194905]
183; 18.308514; 0.034340934; 0.00019791271; 1; [-1]; [1.1e-05]; [5e-06]; [-1]; 1.1351004e-05; [-0.14131686]; 1.4206263e+09; [0.22886876, 1.6315388e-10]; 0.14131686; 9.1e-05; -1; -1; -1; -1; -1; -1; [-0.14151477]
184; 18.404368; 0.031123592; 0.00016986229; 1; [-1]; [1.1e-05]; [6e-06]; [-1]; 1.0640019e-05; [-0.12322633]; 1.4206263e+09; [0.30578317, 6.6779621e-10]; 0.12322633; 9e-05; -1; -1; -1; -1; -1; -1; [-0.12339619]
185; 18.523263; 0.029019202; 0.00013412394; 1; [-1]; [1.1e-05]; [6e-06]; [-1]; 1.0389422e-05; [-0.095125101]; 1.4206263e+09; [0.37940021, 1.2416324e-10]; 0.095125101; 9.1e-05; -1; -1; -1; -1; -1; -1; [-0.095259225]
186; 18.608343; 0.028084184; 0.00010806318; 1; [-1]; [1.1e-05]; [5e-06]; [-1]; 1.0233497e-05; [-0.072052911]; 1.4206263e+09; [0.4179603, 5.7913285e-11]; 0.072052911; 9.1e-05; -1; -1; -1; -1; -1; -1; [-0.072160974]
187; 18.718893; 0.027439816; 7.4028846e-05; 1; [-1]; [1.2e-05]; [5e-06]; [-1]; 1.0087863e-05; [-0.039670315]; 1.4206263e+09; [0.448759, 1.3265905e-10]; 0.039670315; 9.7e-05; -1; -1; -1; -1; -1; -1; [-0.039744344]
188; 18.800848; 0.027285629; 4.8927304e-05; 1; [-1]; [1.1e-05]; [5e-06]; [-1]; 9.9955056e-06; [-0.014791062]; 1.4206263e+09; [0.45706792, 1.9603541e-10]; 0.014791062; 8.8e-05; -1; -1; -1; -1; -1; -1; [-0.014839989]
189; 18.910303; 0.027465205; 1.5975943e-05; 1; [-1]; [1.1e-05]; [5e-06]; [-1]; 9.8759943e-06; [0.018306295]; 1.4206263e+09; [0.44897194, 8.3242357e-11]; 0.018306295; 8.8e-05; -1; -1; -1; -1; -1; -1; [0.018290319]
190; 19.021614; 0.028108618; 1.6354135e-05; 1; [-1]; [1.1e-05]; [5e-06]; [-1]; 9.7424561e-06; [0.050334015]; 1.4206263e+09; [0.41923848, 6.9125261e-12]; 0.050334015; 9e-05; -1; -1; -1; -1; -1; -1; [0.050350369]
191; 19.107578; 0.028969385; 4.0114193e-05; 1; [-1]; [1.1e-05]; [6e-06]; [-1]; 9.6168038e-06; [0.072973709]; 1.4206263e+09; [0.38271798, 3.1310826e-10]; 0.072973709; 9e-05; -1; -1; -1; -1; -1; -1; [0.073013823]
192; 19.227873; 0.030870818; 7.0888031e-05; 1; [-1]; [1e-05]; [5e-06]; [-1]; 9.3710111e-06; [0.1002914]; 1.4206263e+09; [0.31457776, 1.373878e-10]; 0.1002914; 8.8e-05; -1; -1; -1; -1; -1; -1; [0.10036229]
193; 19.325034; 0.033276014; 9.2885648e-05; 1; [-1]; [1.1e-05]; [5e-06]; [-1]; 9.0484838e-06; [0.11775815]; 1.4206263e+09; [0.24791788, 1.5649584e-10]; 0.11775815; 8.7e-05; -1; -1; -1; -1; -1; -1; [0.11785104]
194; 19.432762; 0.03753628; 0.00011302756; 1; [-1]; [1.1e-05]; [5e-06]; [-1]; 8.3663335e-06; [0.13156833]; 1.4206263e+09; [0.16568231, 6.5497149e-11]; 0.13156833; 9e-05; -1; -1; -1; -1; -1; -1; [0.13168136]
195; 19.515652; 0.043054501; 0.00012401886; 1; [-1]; [1.1e-05]; [5e-06]; [-1]; 7.1895537e-06; [0.13790306]; 1.4206263e+09; [0.099265922, 8.5684446e-11]; 0.13790306; 9e-05; -1; -1; -1; -1; -1; -1; [0.13802708]
196; 19.621441; 0.057728978; 0.00012736572; 1; [-1]; [1.1e-05]; [5e-06]; [-1]; 1.8661225e-06; [0.14037803]; 1.4206263e+09; [0.01520145, 1.3231628e-11]; 0.14037803; 9e-05; -1; -1; -1; -1; -1; -1; [0.1405054]
197; 19.731706; 0.049186583; 0.0001077033; 1; [-1]; [1.1e-05]; [5e-06]; [-1]; 9.7131875e-06; [0.1363132]; 1.4206263e+09; [0.077533449, 1.1890072e-11]; 0.1363132; 0.000186; -1; -1; -1; -1; -1; -1; [0.1364209]
198; 19.823328; 0.041956212; 8.0154072e-05; 1; [-1]; [1.2e-05]; [6e-06]; [-1]; 1.2759442e-05; [0.1280066]; 1.4206263e+09; [0.15075085, 2.7574787e-10]; 0.1280066; 9.3e-05; -1; -1; -1; -1; -1; -1; [0.12808675]
199; 19.93188; 0.034203535; 4.8573024e-05; 1; [-1]; [1.1e-05]; [4e-06]; [-1]; 1.1048284e-05; [0.11288287]; 1.4206263e+09; [0.23262996, 3.9666731e-10]; 0.11288287; 8.8e-05; -1; -1; -1; -1; -1; -1; [0.11293145]
